-0.0021042687434504616 0.0170651 (0.01001, 978, 0.06668)
-0.002949741914009394 0.01036329 (0.00872, 715, 0.02952)
-0.007159955595921161 0.05238094 (0.00808, 716, 0.0995)
-0.007310660156685742 0.33818122 (0.01209, 801, 0.0466)
-0.00862020608132056 0.26362375 (0.00951, 788, 0.05968)
-0.008996089106712901 0.27929257 (0.01105, 931, 0.09439)
-0.012220964232061959 0.00826034 (0.00901, 978, 0.06068)
-0.016847901173528187 0.00977457 (0.00842, 715, 0.02952)
-0.019488788365584354 0.26285696 (0.00823, 847, 0.05574)
-0.021049852973529397 0.41606348 (0.00818, 934, 0.0999)
-0.022618143222495207 0.20745789 (0.00806, 801, 0.04518)
-0.024391798689907204 0.00659365 (0.01075, 814, 0.08952)
-0.026984783119778796 0.04441016 (0.00818, 716, 0.0995)
-0.033617008914669386 0.00704524 (0.01215, 814, 0.09152)
-0.037848457711809974 0.27721274 (0.01175, 931, 0.09639)
-0.038008033654055993 0.00731639 (0.01075, 814, 0.08752)
-0.042622511695070815 0.24982017 (0.00924, 922, 0.05305)
-0.0431406466103175 0.04157484 (0.00818, 716, 0.0985)
-0.04481824960634299 0.00596786 (0.00881, 982, 0.05241)
-0.04987426659444466 0.01046333 (0.00921, 982, 0.05241)
-0.049966644187327346 0.42687066 (0.00808, 934, 0.0989)
-0.050621309011605005 0.00610617 (0.00891, 982, 0.05241)
-0.0534545381053141 0.41906573 (0.00828, 934, 0.0989)
-0.0559376064298948 0.06654447 (0.01407, 722, 0.08668)
-0.06033300138030455 0.30207236 (0.00821, 906, 0.09968)
-0.06128451771160101 0.25405551 (0.00931, 788, 0.05368)
-0.06377769362946495 0.06214827 (0.0144, 866, 0.08925)
-0.06615000001110673 0.24764165 (0.00984, 802, 0.05708)
-0.06716395340644965 0.24780948 (0.00931, 808, 0.05368)
-0.07365826813561953 0.06300114 (0.01497, 722, 0.09068)
-0.07696034374136076 0.0404918 (0.00826, 955, 0.09747)
-0.07822182232112197 0.05622685 (0.01487, 722, 0.09068)
0.002949838119321555 0.39862505 (0.00963, 721, 0.08197)
0.0052467614975743974 0.30377152 (0.00801, 906, 0.09968)
0.006185203112695774 0.11519201 (0.01, 794, 0.02185)
0.007102876204732809 0.26129024 (0.00964, 862, 0.06108)
0.007891446083918651 0.12341955 (0.01163, 906, 0.02636)
0.009161236659764 0.23820498 (0.00806, 801, 0.04718)
0.01090198132024156 0.26320066 (0.00924, 962, 0.05805)
0.01286048792675814 0.26401627 (0.00934, 922, 0.05805)
0.01310579763522398 0.39508797 (0.01013, 721, 0.08297)
0.014774586432924935 0.1295389 (0.01453, 912, 0.02971)
0.018439668233471027 0.28045097 (0.01115, 931, 0.09539)
0.02024126398418062 0.12509177 (0.01153, 906, 0.02636)
0.0211081975882837 0.2300274 (0.00806, 801, 0.04618)
0.022082880881956014 0.00942855 (0.00891, 978, 0.05968)
0.02277935723648241 0.21077433 (0.01253, 757, 0.05273)
0.025449792678742398 0.06332131 (0.0133, 866, 0.08625)
0.027988285554252743 0.009719 (0.00912, 715, 0.02952)
0.02802461641626195 0.01852337 (0.01259, 965, 0.03131)
0.028411003524564507 0.11755938 (0.00935, 919, 0.02075)
0.032459080185226835 0.11835051 (0.00945, 919, 0.02075)
0.03523199510727082 0.19226709 (0.00992, 934, 0.0693)
0.035724646317948014 0.12801719 (0.01463, 912, 0.02971)
0.0366536935665134 0.02456861 (0.01259, 995, 0.03131)
0.03819041112619146 0.17136236 (0.01152, 934, 0.0773)
0.04002431133355671 0.1264108 (0.01473, 912, 0.02971)
0.043934666714339696 0.06636762 (0.01303, 926, 0.07674)
0.04426619088948115 0.22067402 (0.01469, 726, 0.05613)
0.050294264714517 0.06626632 (0.01313, 926, 0.07674)
0.05030959625854237 0.22084593 (0.01489, 726, 0.05613)
0.050545757510613354 0.14763197 (0.01046, 727, 0.02358)
0.05338931412867012 0.14831427 (0.01096, 727, 0.02458)
0.05415668760788705 0.12616087 (0.01073, 817, 0.02497)
0.05562389745020013 0.09813632 (0.0143, 818, 0.05496)
0.056792958438115874 0.10427982 (0.0146, 818, 0.05496)
0.0572071541815761 0.34074794 (0.01359, 992, 0.05467)
0.05883935810069275 0.10974924 (0.01081, 958, 0.04274)
0.05902270005789077 0.06788956 (0.01383, 926, 0.07774)
0.05924821515620721 0.06665189 (0.01053, 975, 0.0759)
0.059350582353066554 0.05433416 (0.0131, 749, 0.06742)
0.05940896040049424 0.01892273 (0.01016, 951, 0.07429)
0.06018820121321142 0.34644501 (0.01409, 992, 0.05567)
0.06103723338198748 0.06081359 (0.01408, 946, 0.05369)
0.06261998460115009 0.01459783 (0.01006, 951, 0.07429)
0.06405115729698536 0.06746897 (0.01083, 975, 0.0819)
0.06491863432202294 0.14557429 (0.00896, 703, 0.08729)
0.0651319569380665 0.11906673 (0.00955, 919, 0.02075)
0.06559226439000326 0.2226772 (0.01499, 726, 0.05613)
0.06574038166617527 0.10705256 (0.01091, 958, 0.04274)
0.06578145320587651 0.05171664 (0.0128, 749, 0.06642)
0.06907066968536725 0.34391805 (0.01242, 871, 0.05271)
0.06950304876791748 0.10401361 (0.0123, 834, 0.02665)
0.07071144831896418 0.10335638 (0.012, 834, 0.02665)
0.07557339139360138 0.01491635 (0.01046, 951, 0.07229)
0.07694167214761649 0.18822106 (0.01002, 934, 0.0683)
0.07706542128500005 0.20641615 (0.01313, 757, 0.04973)
0.07807215194985445 0.10342845 (0.0124, 834, 0.02665)
0.07882476434995496 0.36454794 (0.01429, 992, 0.05667)
0.07899695755929685 0.20850113 (0.01233, 757, 0.05173)
0.07906611923427122 0.01634694 (0.01195, 727, 0.02846)
0.0805038551390102 0.11246284 (0.0098, 794, 0.02185)
0.08199179351703563 0.05932048 (0.01428, 946, 0.05369)
0.08251951975959272 0.15165592 (0.00876, 703, 0.08729)
0.08418620836030456 0.33977145 (0.01312, 871, 0.05271)
0.08496531689420053 0.14854188 (0.00953, 998, 0.0228)
0.08600250078235945 0.12497526 (0.01123, 906, 0.02636)
0.08608906920370259 0.12385098 (0.01257, 705, 0.04827)
0.0885081614399148 0.11547095 (0.0099, 794, 0.02185)
0.08971888034666804 0.1304325 (0.01295, 915, 0.02791)
0.08986797589578543 0.22986303 (0.01262, 782, 0.05852)
0.09072750990496005 0.09258984 (0.01457, 807, 0.04856)
0.0911419798966395 0.06066395 (0.01398, 946, 0.05369)
0.09212555273034127 0.34877974 (0.01302, 871, 0.05171)
0.09238026675501203 0.00861802 (0.01369, 935, 0.02131)
0.09310372465584947 0.20618717 (0.00985, 899, 0.03259)
0.09462482103428173 0.34589786 (0.01189, 801, 0.0466)
0.09561924272337123 0.15856786 (0.00866, 703, 0.08629)
0.0956623859494779 0.11884068 (0.01257, 755, 0.04827)
0.09624882134344731 0.11639077 (0.01101, 958, 0.04174)
0.0987646854219149 0.29135255 (0.00811, 906, 0.08668)
0.09975009415896935 0.21060894 (0.00975, 899, 0.03259)
0.100519699557223 0.12380075 (0.01257, 765, 0.04827)
0.10252310409152728 0.04009941 (0.01076, 949, 0.08719)
0.10301205772138189 0.00846194 (0.01359, 935, 0.02131)
0.10453520848058119 0.01004357 (0.01029, 706, 0.03025)
0.10465326970039357 0.03981944 (0.01001, 860, 0.08432)
0.10795911427417153 0.07572536 (0.014, 818, 0.04596)
0.11249219781863616 0.21230423 (0.00995, 899, 0.03259)
0.11276020938231199 0.01248731 (0.01235, 727, 0.02846)
0.11378359121415713 0.00089528 (0.01459, 863, 0.06775)
0.11425926253437141 0.27667506 (0.00813, 867, 0.06274)
0.11512861312600194 0.14922527 (0.01013, 958, 0.02517)
0.11655930342601507 0.04281361 (0.00911, 860, 0.08132)
0.11668646051914663 0.2391715 (0.01272, 782, 0.05652)
0.11743946884776563 0.35025346 (0.01199, 801, 0.0466)
0.12278536667132144 0.15025187 (0.01003, 958, 0.02417)
0.12365898739440909 0.11261731 (0.01247, 717, 0.04186)
0.12653517840586417 0.09343274 (0.01477, 807, 0.04856)
0.1286211451297571 0.03916675 (0.00905, 753, 0.08095)
0.13089592066442152 0.00474498 (0.00988, 962, 0.03076)
0.1309046744481843 0.38405551 (0.01378, 783, 0.08279)
0.13199357004194867 0.03154854 (0.00962, 835, 0.08324)
0.1322390430404937 0.07183348 (0.01093, 975, 0.0769)
0.13628413541120282 0.10475725 (0.01039, 850, 0.03062)
0.13641614501705676 0.00131385 (0.01195, 727, 0.02546)
0.13678536893481563 0.01011006 (0.01019, 706, 0.03025)
0.13727975980450793 0.10756157 (0.01049, 850, 0.03062)
0.14008139756369062 0.12849015 (0.01023, 917, 0.02497)
0.14023636880626625 0.39735975 (0.00953, 721, 0.08097)
0.14372995141854303 0.06869693 (0.00963, 793, 0.07148)
0.14392936636506234 0.10691274 (0.01217, 717, 0.04086)
0.14419322372450707 0.0068927 (0.01349, 935, 0.02131)
0.14441557621593176 0.11131356 (0.01165, 965, 0.04569)
0.14705409198716482 0.11850513 (0.01069, 850, 0.03062)
0.14871711112979383 0.23271433 (0.0124, 989, 0.0558)
0.1511228177012069 0.10503278 (0.01155, 965, 0.04569)
0.15319775563746332 0.03061532 (0.00962, 835, 0.08124)
0.154555006589475 0.12847966 (0.01053, 917, 0.02497)
0.1553631577778303 0.16416795 (0.01186, 917, 0.08043)
0.15664745622589193 0.16898387 (0.01156, 917, 0.07943)
0.15714484302518797 0.24106408 (0.0132, 989, 0.0578)
0.16247400498516498 0.24960974 (0.0133, 989, 0.0578)
0.1625870962572553 0.16725112 (0.01166, 917, 0.08043)
0.16279011529444745 0.01379544 (0.00999, 706, 0.03025)
0.16336554320319976 0.14751833 (0.01053, 958, 0.02517)
0.16592614272845993 0.29911166 (0.01209, 938, 0.036)
0.1662344482740906 0.11376045 (0.01257, 717, 0.04186)
0.17143321830617111 0.10703275 (0.01145, 965, 0.04469)
0.17202118289059612 0.15208148 (0.00883, 998, 0.0218)
0.1736992060603953 0.0225646 (0.01003, 833, 0.03108)
0.17400559877055544 0.01852867 (0.01033, 833, 0.03408)
0.177642991916305 0.10865301 (0.01075, 806, 0.03111)
0.17869269064724322 0.03888728 (0.00805, 753, 0.07895)
0.18640449961874012 0.3071966 (0.01199, 938, 0.034)
0.1901456634441112 0.02024504 (0.01209, 816, 0.03641)
0.1926661479107581 0.01852281 (0.01144, 785, 0.03304)
0.1969258214832827 0.02114851 (0.01043, 833, 0.03208)
0.1983849346618004 0.01980124 (0.01219, 816, 0.03641)
0.19983474728441422 0.09956874 (0.01055, 806, 0.03211)
0.20214845326851416 0.00775805 (0.00998, 962, 0.03076)
0.20295908746711988 0.00463971 (0.01008, 962, 0.03076)
0.20675837881630557 0.10491781 (0.01065, 806, 0.03211)
0.21191183116151038 0.01416838 (0.01419, 792, 0.04054)
0.2139296702475447 0.10098616 (0.01487, 807, 0.04756)
0.21903139430539567 0.10517118 (0.01184, 747, 0.03906)
0.22373537376922856 0.01840788 (0.01049, 816, 0.03341)
0.22545141145846884 0.01943384 (0.01134, 785, 0.03304)
0.22586384772960613 0.0151017 (0.01359, 792, 0.04054)
0.23171002655737497 0.02147968 (0.00974, 734, 0.07892)
0.24072228049567884 0.10016214 (0.01154, 747, 0.03606)
0.24564828271668276 0.0273183 (0.00984, 734, 0.07892)
0.25649972064393156 0.01498111 (0.01349, 792, 0.04054)
0.2575472687032972 0.06977643 (0.00973, 793, 0.07748)
0.26450198289929233 0.01357087 (0.00954, 734, 0.07592)
0.26781808334146745 0.10066169 (0.01164, 747, 0.03606)
0.27013306454846814 0.03194893 (0.00861, 884, 0.07291)
0.27154658626358014 0.30478187 (0.01199, 858, 0.036)
0.2992019170457488 0.07052255 (0.00933, 793, 0.07548)
0.30736625545845525 0.03125681 (0.00871, 784, 0.07291)
0.3317964131472752 0.03415886 (0.00841, 784, 0.07191)
