0.0003738 (0.00813, 932, 0.08697)
0.0048575 (0.01211, 713, 0.05269)
0.00740343 (0.01254, 942, 0.05185)
0.00949429 (0.01442, 945, 0.0774)
0.00997893 (0.01452, 945, 0.0774)
0.01046403 (0.01304, 808, 0.07312)
0.01192213 (0.01404, 808, 0.06412)
0.01198644 (0.00854, 722, 0.09303)
0.01862607 (0.00872, 928, 0.04882)
0.01905587 (0.00862, 928, 0.04882)
0.02288035 (0.00893, 794, 0.0768)
0.02337391 (0.01317, 772, 0.03602)
0.02554668 (0.014, 892, 0.04238)
0.02729154 (0.01377, 772, 0.04102)
0.02772869 (0.01457, 772, 0.04202)
0.03053871 (0.01168, 760, 0.04773)
0.0310898 (0.01373, 976, 0.0747)
0.03164789 (0.00883, 794, 0.0688)
0.03330007 (0.01069, 761, 0.06297)
0.0338327 (0.00878, 880, 0.09983)
0.0343308 (0.00932, 928, 0.03582)
0.03551983 (0.01129, 761, 0.06997)
0.0366333 (0.00979, 761, 0.06797)
0.04054934 (0.01268, 760, 0.04773)
0.04576248 (0.00902, 991, 0.04477)
0.04790105 (0.01076, 993, 0.04499)
0.05007682 (0.01273, 983, 0.04924)
0.05101756 (0.01292, 959, 0.04996)
0.05146534 (0.01312, 959, 0.04996)
0.05189305 (0.01088, 771, 0.0352)
0.05288383 (0.01202, 959, 0.04696)
0.052946 (0.00918, 711, 0.0332)
0.05316688 (0.01223, 983, 0.04924)
0.05564727 (0.00934, 867, 0.03295)
0.05578376 (0.01086, 993, 0.03199)
0.05611608 (0.01243, 983, 0.04824)
0.05621272 (0.00888, 880, 0.09983)
0.05664797 (0.01369, 823, 0.03066)
0.05717895 (0.01459, 823, 0.03066)
0.05771046 (0.01384, 808, 0.03012)
0.05812154 (0.00898, 880, 0.09683)
0.05997074 (0.00852, 991, 0.03177)
0.065069 (0.01056, 993, 0.03699)
0.06632736 (0.00862, 991, 0.03277)
0.07017416 (0.01092, 938, 0.03788)
0.07141549 (0.00814, 867, 0.03195)
0.07208065 (0.01062, 938, 0.03788)
0.07271765 (0.01499, 980, 0.04368)
0.07577675 (0.00874, 867, 0.03295)
0.07655564 (0.01082, 938, 0.03288)
0.08357912 (0.01054, 815, 0.0788)
0.08558823 (0.01084, 815, 0.0718)
0.08827866 (0.00954, 815, 0.0658)
0.11593504 (0.01297, 976, 0.04211)
0.11735481 (0.01317, 976, 0.04211)
0.11806605 (0.01125, 893, 0.04801)
0.11877819 (0.01145, 893, 0.03901)
0.12522855 (0.01197, 976, 0.04011)
0.12594985 (0.01225, 893, 0.04001)
0.26785522 (0.01091, 892, 0.03323)
0.26868988 (0.01011, 892, 0.03323)
0.27203956 (0.01005, 841, 0.03306)
0.27456345 (0.01445, 811, 0.0305)
0.27625161 (0.01445, 811, 0.0385)
0.27964139 (0.00975, 841, 0.03206)
0.28049165 (0.01001, 892, 0.03223)
0.28219556 (0.00985, 841, 0.03206)
